3549 22284 0.5001207546619891
13771 33576 0.6812657642957799
53067 271282 0.689342139314819
9999 40339 0.7414687549141675
24350 45275 0.9639443827365605
19634 27400 0.6199162357401601
37614 37662 0.581562434560496
44570 207445 0.5353951575410411
15146 394601 0.5867490277751173
2665 2675 0.5122129107073543
18229 35819 0.6080216100663823
29066 398107 0.5048573261174072
44933 47973 0.5465632382906284
7527 24257 0.5004275731732245
7597 63859 0.5619197098147004
43586 50475 0.9994460226638879
270594 272614 0.7381936595922031
